6134092043
2658259136
3484976203
5439056480
6743051172
2027734922
3858958300
7015045430
5749897309
3637479031
6718329810
8539489353
3562476895
8415461729
4699505492
3279361117
6964287605
4134804661
2138785994
2234371184
2466451520
4104941130
6513563725
5967739283
6169796825
6247810926
6095296586
2723185225
4568184370
3642818307
3033424510
3713953185
5116507290
4347784074
8648575734
8065008831
7889873119
6629093860
9226403849
5695861307
5034937475
8213884532
4649341123
4346897814
3023413466
5848804192
9916509613
8096263386
6136066106
3095864892
5946183041
5875218907
6628954314
2636517859
8239667342
2225958247
6604413858
7437078981
7394447161
4087784640
9835379823
3674742269
6425740916
2786222406
4538675860
7974912057
3269627196
4564987768
8103699882
9924486670
4556332754
4107350072
8139534858
3563325661
9188159921
2325098668
6217556716
3044116009
7362404678
9387197373
4399935976
4567321419
3397483479
7162825025
8157935860
6217297109
3037294923
4755450756
7315118002
8635608220
4075423190
4365537039
2315574851
8335312250
2662275527
2556242247
7319836859
9063509980
6737898184
9926789047