3562476895

9188159921

6718329810

8103699882

8415461729

6217556716

8065008831

7162825025

7162825025

2138785994

7974912057

6964287605

3642818307

4365537039

3484976203

6629093860

5848804192

5034937475

4104941130

3674742269

3674742269

7437078981

4564987768

3023413466

4107350072

3037294923

2234371184

3095864892

3095864892

5116507290

8213884532

4399935976

2234371184

6737898184

3095864892

2556242247

2325098668

8213884532

2315574851

5695861307

7015045430

4087784640

3279361117

2225958247

6169796825

6247810926

8539489353

7394447161

9226403849

4347784074

7362404678

3033424510

6743051172

9063509980

5749897309

7889873119

3713953185

4075423190

4755450756

3563325661

4556332754

9063509980

2658259136

4755450756

2786222406

3637479031

2027734922

3269627196

8096263386

2662275527

9924486670

3563325661

8239667342

3397483479

2723185225

3713953185

2658259136

5439056480

6628954314

6217297109

5967739283

3044116009

6425740916

6217297109

4538675860

4346897814

4538675860

2723185225

3044116009

4346897814

6604413858

5946183041

9835379823

9926789047
3044116009

5875218907

6604413858

9835379823

8139534858

3637479031

6513563725

4649341123

4567321419

4567321419

9916509613

4649341123

6513563725

9916509613

8635608220

6513563725

5967739283

6513563725

